0,1,2,3,4,5,6,7,8,9,10
16:38:31.21,16:38:37.34,16:38:40.30,16:38:43.30,16:38:46.31,16:38:49.32,16:38:52.35,16:38:55.37,16:38:58.29,16:39:01.31,16:39:04.32
1818.5,1817.4,1818.8,1817.6,1812.0,1809.9,1808.9,1808.6,1805.3,1799.7,1799.1
26.001373291015625,26.014724731445312,26.030746459960938,26.030746459960938,26.044097900390625,26.044097900390625,26.044097900390625,26.057449340820312,26.113525390625,26.18829345703125,26.18829345703125
62.249755859375,62.30926513671875,62.5335693359375,61.80419921875,61.60430908203125,61.25030517578125,60.91766357421875,60.7757568359375,61.82708740234375,65.11077880859375,64.89105224609375
0,0,0,0,3,0,9,0,0,0,1
3.64225697517395,3.6737170219421387,3.72108793258667,3.725717306137085,3.646432876586914,3.7151286602020264,3.7181146144866943,3.7255542278289795,3.8201658725738525,3.880220413208008,3.931678533554077
4.198361396789551,4.231149673461914,4.283212184906006,4.286099910736084,4.192663669586182,4.270724773406982,4.271956920623779,4.277470588684082,4.37993860244751,4.441465377807617,4.490509986877441
4.479043960571289,4.511443614959717,4.565095901489258,4.566364288330078,4.465163707733154,4.547607898712158,4.547278881072998,4.5508904457092285,4.655314922332764,4.715238094329834,4.759939193725586
4.535185813903809,4.567506790161133,4.621482849121094,4.622420787811279,4.519668102264404,4.602987289428711,4.60235071182251,4.605581760406494,4.710397720336914,4.769999027252197,4.81382942199707
0.566664457321167,0.5647900104522705,0.5673642158508301,0.5648908615112305,0.5648895502090454,0.5685781240463257,0.5652899742126465,0.5647615194320679,0.553648829460144,0.5471206903457642,0.5406162738800049
