0,1,2,3,4
16:37:13.06,16:37:19.35,16:37:22.31,16:37:25.30,16:37:28.32
1772.2,1783.2,1789.0,1795.3,1799.8
25.830474853515625,25.80377197265625,25.88922119140625,25.915924072265625,25.902572631835938
61.8560791015625,63.22479248046875,62.22076416015625,62.7899169921875,62.68768310546875
0,0,0,0,24
4.0137529373168945,4.055681228637695,4.077572345733643,4.06801176071167,4.019334316253662
4.974180221557617,5.074347019195557,5.016807556152344,5.020013809204102,4.879584789276123
5.564815044403076,5.710165023803711,5.587320327758789,5.6013007164001465,5.388884544372559
5.682945251464844,5.837332248687744,5.701426029205322,5.717563152313232,5.490750312805176
0.6441150903701782,0.6544826626777649,0.6404023170471191,0.6461993455886841,0.6323432922363281
