Timestamp,16:11:35.34,16:11:41.40,16:11:44.30,16:11:47.32,16:11:50.36
CO2,2293.5,2372.8,2403.0,2389.6,2351.5
T,24.738304138183594,24.821090698242188,24.951934814453125,25.008010864257812,25.122833251953125
RH,61.8499755859375,61.48834228515625,62.359619140625,61.663818359375,60.53619384765625
TVOC,141,123,109,107,82
PM1.0,2.1850199699401855,2.176543712615967,2.2211318016052246,2.2004947662353516,2.277344226837158
PM2.5,2.355447292327881,2.3475778102874756,2.3967671394348145,2.3757429122924805,2.4599356651306152
PM4.0,2.3917620182037354,2.384779453277588,2.4356179237365723,2.415238857269287,2.5018012523651123
PM10.0,2.39902663230896,2.3922200202941895,2.443390369415283,2.423142433166504,2.5101797580718994
PMSize,0.5456334352493286,0.5468482971191406,0.5458245277404785,0.545297384262085,0.5451233386993408
title,2021-11-08-16:11:35.34
start,2021-11-08T16:11:53.373Z