Timestamp,02:05:50.36,02:05:55.40,02:05:58.31,02:06:01.35,02:06:04.36
CO2,1616.3,1638.9,1654.2,1630.6,1608.3
T,20.97314453125,20.930419921875,20.930419921875,20.8876953125,20.874343872070312
RH,58.23822021484375,58.2305908203125,58.3221435546875,58.4320068359375,58.47625732421875
TVOC,1,1,1,1,1
PM1.0,1.8485102653503418,1.889246940612793,1.9256914854049683,1.9934207201004028,2.031782627105713
PM2.5,1.954729676246643,1.9978071451187134,2.036345958709717,2.1079671382904053,2.148533344268799
PM4.0,1.954729676246643,1.9978071451187134,2.036345958709717,2.1079671382904053,2.148533344268799
PM10.0,1.954732060432434,1.997809648513794,2.036348581314087,2.1079697608947754,2.148536205291748
PMSize,0.5231335163116455,0.522781252861023,0.521318793296814,0.5245915651321411,0.5222628116607666
title,2021-11-23-02:05:50.36
start,2021-11-23T02:06:07.297Z