Timestamp,13:33:30.34,13:33:36.38,13:33:39.29,13:33:42.30,13:33:45.31,13:33:48.35,13:33:51.37,13:33:54.29,13:33:57.30,13:34:00.31,13:34:03.31
CO2,842.08,836.92,847.63,887.74,983.89,1033.9,982.28,974.22,929.80,990.84,1000.6
T,24.35645294189453,24.39917755126953,24.481956481933594,24.439231872558594,24.439231872558594,24.39917755126953,24.36980438232422,24.340431213378906,24.340431213378906,24.31372833251953,24.31372833251953
RH,67.73834228515625,68.3135986328125,68.8262939453125,67.92144775390625,66.7755126953125,66.3726806640625,65.60516357421875,65.3350830078125,65.1702880859375,64.9444580078125,64.92156982421875
TVOC,177,192,191,192,184,186,183,186,180,175,182
PM1.0,1.516338586807251,1.4809890985488892,1.4518492221832275,1.4724743366241455,1.5465314388275146,1.6094542741775513,1.5999953746795654,1.5904356241226196,1.572992205619812,1.5578526258468628,1.5600461959838867
PM2.5,1.6034698486328125,1.566089153289795,1.535274863243103,1.5570850372314453,1.6353976726531982,1.7019362449645996,1.6919336318969727,1.6818246841430664,1.6633788347244263,1.647369384765625,1.6496890783309937
PM4.0,1.603468894958496,1.5660881996154785,1.5352739095687866,1.557084083557129,1.6353967189788818,1.7019351720809937,1.6919326782226562,1.6818236112594604,1.6633778810501099,1.647368311882019,1.6496880054473877
PM10.0,1.603470802307129,1.5660901069641113,1.5352758169174194,1.5570859909057617,1.6353987455368042,1.701937198638916,1.6919347047805786,1.6818257570266724,1.6633799076080322,1.6473703384399414,1.64969003200531
PMSize,0.4828941822052002,0.4827631711959839,0.4823263883590698,0.48491525650024414,0.4813406467437744,0.48097288608551025,0.48293209075927734,0.4812089204788208,0.4786609411239624,0.4765371084213257,0.47598278522491455
title,2021-11-16-13:33:30.34
start,2021-11-16T13:34:06.358Z