Timestamp,14:03:52.34,14:03:58.39,14:04:01.30,14:04:04.31,14:04:07.35,14:04:10.36,14:04:13.29,14:04:16.30,14:04:19.31,14:04:22.37,14:04:25.29,14:04:28.30
CO2,930.16,926.23,922.87,919.06,922.84,930.08,932.01,928.78,932.58,928.29,923.27,918.99
T,26.59685516357422,26.62622833251953,26.63957977294922,26.698326110839844,26.71167755126953,26.72502899169922,26.738380432128906,26.770431518554688,26.757080078125,26.738380432128906,26.783782958984375,26.839859008789062
RH,62.61444091796875,62.73956298828125,62.68768310546875,62.7655029296875,62.96844482421875,62.90283203125,62.79449462890625,62.811279296875,62.67547607421875,62.4603271484375,62.53662109375,62.5885009765625
TVOC,5,10,11,25,22,10,12,11,4,9,7,9
PM1.0,1.802842617034912,1.8355845212936401,1.815712571144104,1.737617015838623,1.7445604801177979,1.801855444908142,1.8203791379928589,1.795473575592041,1.7822606563568115,1.716382622718811,1.702633023262024,1.6878747940063477
PM2.5,1.9268159866333008,1.9617671966552734,1.9405406713485718,1.856958270072937,1.864086627960205,1.9253649711608887,1.9451467990875244,1.918489694595337,1.9043400287628174,1.8338851928710938,1.8190503120422363,1.8029236793518066
PM4.0,1.94330894947052,1.9785237312316895,1.957126498222351,1.8727353811264038,1.8796886205673218,1.9415287971496582,1.9614661931991577,1.9345494508743286,1.9202548265457153,1.8491613864898682,1.8340872526168823,1.8175392150878906
PM10.0,1.9466100931167603,1.9818776845932007,1.9604440927505493,1.875892162322998,1.8828125,1.9447623491287231,1.9647328853607178,1.9377645254135132,1.9234414100646973,1.8522189855575562,1.8370981216430664,1.8204644918441772
PMSize,0.5549885034561157,0.5542970895767212,0.5522404909133911,0.5540852546691895,0.5548622608184814,0.5550849437713623,0.5548778772354126,0.5555908679962158,0.5567238330841064,0.5545822381973267,0.5534960031509399,0.5522799491882324
title,2021-11-15-14:03:52.34
start,2021-11-15T14:04:31.313Z