Timestamp,CO2,T,RH,TVOC,PM1.0,PM2.5,PM4.0,PM10.0,PMSize
11:28:09.33,1445.6,24.140151977539062,57.9010009765625,0,2.2687482833862305,3.090585708618164,3.650207042694092,3.7621350288391113,0.5965718030929565
11:28:15.35,1447.7,24.169525146484375,58.72802734375,0,2.201789617538452,2.998326301574707,3.540585517883301,3.6490395069122314,0.5934895277023315
11:28:18.38,1449.4,24.126800537109375,57.21893310546875,2,2.136021137237549,2.8781628608703613,3.379457712173462,3.4797186851501465,0.6134281158447266
11:28:21.30,1449.3,24.113449096679688,56.585693359375,3,2.1617650985717773,2.8438961505889893,3.2954258918762207,3.3857338428497314,0.5913012027740479
11:28:24.31,1451.3,24.097427368164062,55.4962158203125,6,2.1731760501861572,2.7859044075012207,3.1807329654693604,3.259702444076538,0.57830810546875
11:28:27.32,1452.3,24.113449096679688,55.16815185546875,12,2.2574758529663086,2.815047025680542,3.1613152027130127,3.230574131011963,0.5531457662582397
11:28:30.37,1453.8,24.126800537109375,54.9835205078125,12,2.2999889850616455,2.8255414962768555,3.1439192295074463,3.2075986862182617,0.5467547178268433
11:28:33.29,1458.1,24.113449096679688,54.632568359375,24,2.281090497970581,2.776859760284424,3.0720102787017822,3.131046772003174,0.5357857942581177
11:28:36.30,1460.0,24.113449096679688,54.40826416015625,16,2.2945120334625244,2.7667593955993652,3.0422520637512207,3.0973527431488037,0.5362485647201538
