Timestamp,18:27:02.00,18:27:07.00,18:27:09.00,18:27:11.00,18:27:14.00,18:27:16.00,18:27:18.00,18:27:21.00,18:27:23.00,18:27:25.00,18:27:28.00,18:27:30.00,18:27:32.00,18:27:34.00,18:27:37.00,18:27:39.00,18:27:41.00,18:27:44.00,18:27:46.00,18:27:48.00,18:27:51.00,18:27:53.00,18:27:55.00,18:27:58.00,18:28:00.00,18:28:02.00,18:28:05.00,18:28:07.00
CO2,2307.7,2306.6,2305.8,2305.8,2305.6,2307.5,2309.2,2311.7,2314.0,2315.9,2318.6,2322.2,2331.8,2336.9,2343.6,2348.7,2358.2,2360.8,2370.7,2377.5,2369.5,2362.9,2361.4,2359.6,2356.0,2353.1,2353.3,2352.0
T,27.395286560058594,27.424659729003906,27.45136260986328,27.480735778808594,27.523460388183594,27.55016326904297,27.55016326904297,27.566184997558594,27.606239318847656,27.606239318847656,27.63561248779297,27.63561248779297,27.67833709716797,27.67833709716797,27.72106170654297,27.734413146972656,27.72106170654297,27.747764587402344,27.747764587402344,27.790496826171875,27.790496826171875,27.819869995117188,27.8492431640625,27.875946044921875,27.875946044921875,27.875946044921875,27.889297485351562,27.918670654296875
RH,61.17401123046875,61.236572265625,61.2518310546875,61.279296875,61.43035888671875,61.61346435546875,61.71417236328125,61.7279052734375,61.79046630859375,61.7462158203125,61.70806884765625,61.59515380859375,61.60430908203125,61.77215576171875,61.65771484375,61.5447998046875,61.456298828125,61.36932373046875,61.25946044921875,61.21063232421875,61.199951171875,61.2274169921875,61.444091796875,61.61651611328125,61.70501708984375,61.71417236328125,61.54022216796875,61.58905029296875
TVOC,0,0,0,0,0,4,12,14,25,38,26,40,47,49,53,57,71,83,88,96,108,117,116,128,135,146,152,158
PM1.0,5.225645542144775,4.860829830169678,4.619472503662109,4.490172386169434,4.454639911651611,4.4037628173828125,4.325668811798096,4.253291130065918,4.215551376342773,4.213456153869629,4.141557216644287,4.101246356964111,4.051975727081299,4.018511772155762,4.030768871307373,4.085086822509766,4.109177589416504,4.165626525878906,4.161264419555664,4.139939308166504,4.11463737487793,4.030519962310791,3.910256862640381,3.908811092376709,3.9616899490356445,4.0877604484558105,4.171255111694336,4.236780643463135
PM2.5,8.145235061645508,7.186660289764404,6.629435062408447,6.288840293884277,6.200433254241943,6.046501159667969,5.919497966766357,5.709080696105957,5.626313209533691,5.518133640289307,5.395012378692627,5.3746466636657715,5.270622253417969,5.126028537750244,5.080161094665527,5.141920566558838,5.109119892120361,5.154074192047119,5.13087272644043,5.078026294708252,5.030829429626465,4.909503936767578,4.7071967124938965,4.667489528656006,4.696372032165527,4.830935955047607,4.914594650268555,4.977341175079346
PM4.0,10.265100479125977,8.842949867248535,8.041311264038086,7.53572416305542,7.406172275543213,7.171204566955566,7.008250713348389,6.689481735229492,6.572027683258057,6.378086566925049,6.216854572296143,6.214508056640625,6.068456172943115,5.835481643676758,5.742001056671143,5.807258605957031,5.727294921875,5.760324954986572,5.722073078155518,5.644710063934326,5.58096981048584,5.433442115783691,5.1703290939331055,5.099721431732178,5.106722354888916,5.2422990798950195,5.322208404541016,5.37965726852417
PM10.0,10.689077377319336,9.174217224121094,8.323688507080078,7.785106182098389,7.647326946258545,7.3961501121521,7.226006507873535,6.885566711425781,6.761173725128174,6.55008602142334,6.381229877471924,6.3824849128723145,6.228030681610107,5.977377414703369,5.874375820159912,5.940335750579834,5.850933074951172,5.881576061248779,5.8403239250183105,5.758055210113525,5.690999984741211,5.538236618041992,5.26296329498291,5.18617057800293,5.1887993812561035,5.324577331542969,5.403737545013428,5.460125923156738
PMSize,0.7162604331970215,0.6724245548248291,0.6602610349655151,0.6510438919067383,0.6454717516899109,0.6436365246772766,0.6349941492080688,0.6438413262367249,0.642636775970459,0.6269973516464233,0.6245425939559937,0.6301528215408325,0.6323409080505371,0.61098313331604,0.6115317344665527,0.6121368408203125,0.6088718175888062,0.6111323833465576,0.6085109710693359,0.6158046722412109,0.6157160997390747,0.6082804203033447,0.6072494983673096,0.6101940870285034,0.609284520149231,0.6068841218948364,0.6017270088195801,0.6041195392608643
title,2021-11-20-18:27:02.00
start,2021-11-20T18:28:09.000Z